tol=0.0001
tol_barGuess=0.0001
Mo=1.98847e30
kpc=3.08567758128e19
G=4.517239647536645e-39
H=2.2685455027664497e-18
k=7.29227686517188e-93
rho_c=135.98883505330548
m_molar=1.7565305000000002
m=1.4668501500814248e-57
aIndex=1.6666666666666667
c=23.6
M_vir=5.05e9
rho_avg=14061.245544511787
v_k_in_kms=1.0e50
v_k=3.2407792896663566e33
tau=3
t_end=14
numOfSteps=20
firstShellThickness=1.0e-6
shellThicknessFactor=1.02
initBarRho_0=1.0e9
T=500000.0
barStopRho=27197.767010661097
R_vir=44.09537011540456
R_s=1.868447886245956
rho_0=2.746201757420709e7
NFW_params=[2.746201757420709e7, 1.868447886245956, 23.6]
initNumOf_M_Shells=692
dt=0.7
timeTaken_total=15.967241199
